wpmsz-2.5 /tmp/tmpmtzq6ent.cnf 2.261 12 4 2231 34 500078 2 1
wpmsz-2.5 /tmp/tmpp_zgyclf.cnf 2.261 7 2 16094 34 500079 2 2
wpmsz-2.5 /tmp/tmpiw03p0m2.cnf 2.261 6 3 18729 34 500078 2 0
wpmsz-2.5 /tmp/tmpf6ic9e6_.cnf 2.261 6 3 32592 34 500079 2 0
wpmsz-2.5 /tmp/tmppbw4ynbv.cnf 2.261 5 3 100115297 34 500080 2 0
wpmsz-2.5 /tmp/tmp3_ywgj8o.cnf 2.261 271 131 3039 1454 503002 299 2
wpmsz-2.5 /tmp/tmpb4zixjlq.cnf 2.261 2287 1196 39120 1454 503002 653 1
wpmsz-2.5 /tmp/tmphjgzn39h.cnf 2.261 270 132 16902 1454 503003 120 2
wpmsz-2.5 /tmp/tmp20exl96r.cnf 2.261 35 18 201025462 1454 503004 190 2
wpmsz-2.5 /tmp/tmp5qj7e7u_.cnf 2.261 264 112 3241 1454 503002 305 2
wpmsz-2.5 /tmp/tmp04z1m4_g.cnf 2.261 10404 5387 39120 1454 503002 581 1
wpmsz-2.5 /tmp/tmppj6eno7q.cnf 2.261 263 112 17104 1454 503003 121 2
wpmsz-2.5 /tmp/tmp82qc5nak.cnf 2.261 35 18 201025462 1454 503004 190 2
wpmsz-2.5 /tmp/tmpowdym59r.cnf 2.261 262 134 3039 1454 503002 299 2
wpmsz-2.5 /tmp/tmpsgd3dc0n.cnf 2.261 1434 734 39120 1454 503002 653 1
wpmsz-2.5 /tmp/tmpy4zpll8j.cnf 2.261 261 134 16902 1454 503003 120 2
wpmsz-2.5 /tmp/tmp923busrn.cnf 2.261 35 18 201025462 1454 503004 190 2
wpmsz-2.5 /tmp/tmpd19nsx8d.cnf 2.261 244 109 3241 1454 503002 299 2
wpmsz-2.5 /tmp/tmpj3pjgfyz.cnf 2.261 1112 556 39120 1454 503002 577 1
wpmsz-2.5 /tmp/tmp751kw4wl.cnf 2.261 247 111 17104 1454 503003 625 3
wpmsz-2.5 /tmp/tmp66vrr87f.cnf 2.261 35 18 201025462 1454 503004 190 2
wpmsz-2.5 /tmp/tmpo7_gvj_z.cnf 2.261 297 149 2837 1454 503002 301 2
wpmsz-2.5 /tmp/tmpjkfmvpiq.cnf 2.261 835 434 39120 1454 503002 644 1
wpmsz-2.5 /tmp/tmpmq9fpr5q.cnf 2.261 294 147 16700 1454 503003 642 3
wpmsz-2.5 /tmp/tmpazoqsziz.cnf 2.261 39 20 201025462 1454 503004 285 4
wpmsz-2.5 /tmp/tmpxg1amh34.cnf 2.261 295 135 3039 1454 503002 469 2
wpmsz-2.5 /tmp/tmpq381tu5t.cnf 2.261 1481 771 39120 1454 503002 581 1
wpmsz-2.5 /tmp/tmpuh804osg.cnf 2.261 294 135 16902 1454 503003 625 3
wpmsz-2.5 /tmp/tmpyjex6glu.cnf 2.261 35 18 201025462 1454 503004 190 2
wpmsz-2.5 /tmp/tmpj2jayfcv.cnf 2.261 287 138 3039 1454 503002 301 2
wpmsz-2.5 /tmp/tmp9vzywzls.cnf 2.261 5245 2683 39120 1454 503002 644 1
wpmsz-2.5 /tmp/tmp8zhp9skx.cnf 2.261 286 137 16902 1454 503003 645 3
wpmsz-2.5 /tmp/tmp23ggfcdu.cnf 2.261 35 18 201025462 1454 503004 190 2
wpmsz-2.5 /tmp/tmp7wzj6djb.cnf 2.261 263 129 4092 1454 503002 628 0
wpmsz-2.5 /tmp/tmp0s9twyp4.cnf 2.261 78292 40676 39120 1454 503002 648 1
wpmsz-2.5 /tmp/tmp15yieef_.cnf 2.261 251 123 17955 1454 503003 120 0
wpmsz-2.5 /tmp/tmpadq24r99.cnf 2.261 296 142 26064 1454 503004 220 1
wpmsz-2.5 /tmp/tmpeipu6sxt.cnf 2.261 292 140 39927 1454 503005 610 0
wpmsz-2.5 /tmp/tmpfco66zdl.cnf 2.261 31376 16401 39322 1454 503003 578 1
wpmsz-2.5 /tmp/tmpr36ajdz_.cnf 2.261 3625 1830 39524 1454 503004 647 1
wpmsz-2.5 /tmp/tmp0ib__j88.cnf 2.261 304 139 39726 1454 503005 654 1
wpmsz-2.5 /tmp/tmpnm03wpmy.cnf 2.261 257 114 4294 1454 503002 625 0
wpmsz-2.5 /tmp/tmpva9907ut.cnf 2.261 77950 40502 39120 1454 503002 574 1
wpmsz-2.5 /tmp/tmpoa1xa5zp.cnf 2.261 245 108 18157 1454 503003 121 0
wpmsz-2.5 /tmp/tmpcnerwm5i.cnf 2.261 283 127 26266 1454 503004 220 1
wpmsz-2.5 /tmp/tmpiyhhfw8p.cnf 2.261 281 125 40129 1454 503005 208 0
wpmsz-2.5 /tmp/tmpnjk05zcb.cnf 2.261 235164 120295 39322 1454 503003 639 1
wpmsz-2.5 /tmp/tmp73vt6jtw.cnf 2.261 39469 20712 39524 1454 503004 639 10
wpmsz-2.5 /tmp/tmp7q3b5j55.cnf 2.261 3541 1810 39726 1454 503005 647 2
wpmsz-2.5 /tmp/tmp0_6hzzjt.cnf 2.261 277 128 39928 1454 503006 658 1
wpmsz-2.5 /tmp/tmpoowr06iq.cnf 2.261 255 134 4092 1454 503002 629 0
wpmsz-2.5 /tmp/tmpa3ntnrm4.cnf 2.261 983 493 39120 1454 503002 655 1
wpmsz-2.5 /tmp/tmp546flwy4.cnf 2.261 245 129 17955 1454 503003 120 0
wpmsz-2.5 /tmp/tmptiv9i020.cnf 2.261 280 141 26064 1454 503004 639 1
wpmsz-2.5 /tmp/tmp90cn88c1.cnf 2.261 271 137 39927 1454 503005 610 0
wpmsz-2.5 /tmp/tmpztajdifw.cnf 2.261 341 163 39322 1454 503003 650 1
wpmsz-2.5 /tmp/tmprbk5jk8p.cnf 2.261 287 140 39524 1454 503004 429 1
wpmsz-2.5 /tmp/tmp28m0_ekv.cnf 2.261 252 139 39726 1454 503005 657 1
wpmsz-2.5 /tmp/tmpoocztjb1.cnf 2.261 244 112 4294 1454 503002 620 0
wpmsz-2.5 /tmp/tmpab3yaqwu.cnf 2.261 1090 554 39120 1454 503002 580 1
wpmsz-2.5 /tmp/tmpipr0j3j8.cnf 2.261 232 106 18157 1454 503003 193 0
wpmsz-2.5 /tmp/tmptctdt1jh.cnf 2.261 265 120 26266 1454 503004 220 1
wpmsz-2.5 /tmp/tmprl9rmdat.cnf 2.261 264 118 40129 1454 503005 198 0
wpmsz-2.5 /tmp/tmppntah3jj.cnf 2.261 801 401 39322 1454 503003 594 2
wpmsz-2.5 /tmp/tmpqlre9k0_.cnf 2.261 1422 709 39524 1454 503004 645 1
wpmsz-2.5 /tmp/tmp2tcyc8jz.cnf 2.261 299 133 39726 1454 503005 642 1
wpmsz-2.5 /tmp/tmpobbdywoo.cnf 2.261 272 121 39928 1454 503006 660 1
wpmsz-2.5 /tmp/tmpwtpjnkz8.cnf 2.261 283 135 3890 1454 503002 626 0
wpmsz-2.5 /tmp/tmpregoa0bp.cnf 2.261 553 265 39120 1454 503002 646 2
wpmsz-2.5 /tmp/tmpn05jirh0.cnf 2.261 273 130 17753 1454 503003 120 0
wpmsz-2.5 /tmp/tmpoftscmji.cnf 2.261 298 145 25862 1454 503004 215 1
wpmsz-2.5 /tmp/tmptxmh659y.cnf 2.261 297 143 39725 1454 503005 601 0
wpmsz-2.5 /tmp/tmprejg7q5w.cnf 2.261 269 145 39322 1454 503003 429 1
wpmsz-2.5 /tmp/tmp8ccujps4.cnf 2.261 272 131 39524 1454 503004 648 1
wpmsz-2.5 /tmp/tmpt8p860m4.cnf 2.261 275 123 4092 1454 503002 625 0
wpmsz-2.5 /tmp/tmp7s730a7a.cnf 2.261 469 225 39120 1454 503002 580 2
wpmsz-2.5 /tmp/tmp6x9jj8zx.cnf 2.261 262 116 17955 1454 503003 194 0
wpmsz-2.5 /tmp/tmpw029zo_2.cnf 2.261 294 134 26064 1454 503004 220 3
wpmsz-2.5 /tmp/tmpvfomuwj1.cnf 2.261 291 131 39927 1454 503005 580 1
wpmsz-2.5 /tmp/tmp_lix6yow.cnf 2.261 646 330 39322 1454 503003 598 1
wpmsz-2.5 /tmp/tmpca__4iur.cnf 2.261 476 236 39524 1454 503004 639 2
wpmsz-2.5 /tmp/tmpkk5ixiop.cnf 2.261 1042 521 39726 1454 503005 636 4
wpmsz-2.5 /tmp/tmpofc5tlh9.cnf 2.261 247 117 4092 1454 503002 629 0
wpmsz-2.5 /tmp/tmpfvjhk1w1.cnf 2.261 21848 11270 39120 1454 503002 650 1
wpmsz-2.5 /tmp/tmp5dadj2lx.cnf 2.261 235 110 17955 1454 503003 194 0
wpmsz-2.5 /tmp/tmpdhc4nrwi.cnf 2.261 272 133 26064 1454 503004 214 1
wpmsz-2.5 /tmp/tmpju0ap4o9.cnf 2.261 265 127 39927 1454 503005 610 0
wpmsz-2.5 /tmp/tmp50_c3m32.cnf 2.261 1147 582 39322 1454 503003 651 1
wpmsz-2.5 /tmp/tmp9y8sr50d.cnf 2.261 1365 695 39524 1454 503004 651 1
wpmsz-2.5 /tmp/tmpayrsluh2.cnf 2.261 291 141 39726 1454 503005 656 1
wpmsz-2.5 /tmp/tmpjikewdo1.cnf 2.261 263 129 4092 1454 503002 628 0
wpmsz-2.5 /tmp/tmpl30kumru.cnf 2.261 78292 40676 39120 1454 503002 648 1
wpmsz-2.5 /tmp/tmp5kry65r3.cnf 2.261 251 123 17955 1454 503003 120 0
wpmsz-2.5 /tmp/tmpcy_a22fn.cnf 2.261 296 142 26064 1454 503004 220 1
wpmsz-2.5 /tmp/tmp78r1axbk.cnf 2.261 292 140 39927 1454 503005 610 0
wpmsz-2.5 /tmp/tmpl6zhpg7j.cnf 2.261 31376 16401 39322 1454 503003 578 1
wpmsz-2.5 /tmp/tmpkl66thw4.cnf 2.261 3625 1830 39524 1454 503004 647 1
wpmsz-2.5 /tmp/tmp0ln4pg5c.cnf 2.261 304 139 39726 1454 503005 654 1
wpmsz-2.5 /tmp/tmpr7dhu1j5.cnf 2.261 257 114 4294 1454 503002 625 0
wpmsz-2.5 /tmp/tmpvkmh4ldq.cnf 2.261 77950 40502 39120 1454 503002 574 1
wpmsz-2.5 /tmp/tmpsb3urg9n.cnf 2.261 245 108 18157 1454 503003 121 0
wpmsz-2.5 /tmp/tmpl63hc5ax.cnf 2.261 283 127 26266 1454 503004 220 1
wpmsz-2.5 /tmp/tmp_jzzyex7.cnf 2.261 281 125 40129 1454 503005 208 0
wpmsz-2.5 /tmp/tmpv0l0fslq.cnf 2.261 235164 120295 39322 1454 503003 639 1
wpmsz-2.5 /tmp/tmpx40evto4.cnf 2.261 39469 20712 39524 1454 503004 639 10
wpmsz-2.5 /tmp/tmpkt3yypwd.cnf 2.261 3541 1810 39726 1454 503005 647 2
wpmsz-2.5 /tmp/tmpjt99n8xx.cnf 2.261 277 128 39928 1454 503006 658 1
wpmsz-2.5 /tmp/tmp_5awr0sj.cnf 2.261 255 134 4092 1454 503002 629 0
wpmsz-2.5 /tmp/tmp1oe0d5ci.cnf 2.261 983 493 39120 1454 503002 655 1
wpmsz-2.5 /tmp/tmp414mbxq4.cnf 2.261 245 129 17955 1454 503003 120 0
wpmsz-2.5 /tmp/tmpdsb2px3l.cnf 2.261 280 141 26064 1454 503004 639 1
wpmsz-2.5 /tmp/tmpb8c75odr.cnf 2.261 271 137 39927 1454 503005 610 0
wpmsz-2.5 /tmp/tmpfathuysp.cnf 2.261 341 163 39322 1454 503003 650 1
wpmsz-2.5 /tmp/tmpspvibwci.cnf 2.261 287 140 39524 1454 503004 429 1
wpmsz-2.5 /tmp/tmpkjjo2_1k.cnf 2.261 252 139 39726 1454 503005 657 1
wpmsz-2.5 /tmp/tmp2en4ju4b.cnf 2.261 244 112 4294 1454 503002 620 0
wpmsz-2.5 /tmp/tmpqbyzcv56.cnf 2.261 1090 554 39120 1454 503002 580 1
wpmsz-2.5 /tmp/tmpm9w_164j.cnf 2.261 232 106 18157 1454 503003 193 0
wpmsz-2.5 /tmp/tmpy6vg1wss.cnf 2.261 265 120 26266 1454 503004 220 1
wpmsz-2.5 /tmp/tmpqzxqg40q.cnf 2.261 264 118 40129 1454 503005 198 0
wpmsz-2.5 /tmp/tmp2hb5wed4.cnf 2.261 801 401 39322 1454 503003 594 2
wpmsz-2.5 /tmp/tmp1r8h3fyw.cnf 2.261 1422 709 39524 1454 503004 645 1
wpmsz-2.5 /tmp/tmpp8bfghh8.cnf 2.261 299 133 39726 1454 503005 642 1
wpmsz-2.5 /tmp/tmp646ra958.cnf 2.261 272 121 39928 1454 503006 660 1
wpmsz-2.5 /tmp/tmp4z0nqrrr.cnf 2.261 283 135 3890 1454 503002 626 0
wpmsz-2.5 /tmp/tmpqrtqp8oi.cnf 2.261 553 265 39120 1454 503002 646 2
wpmsz-2.5 /tmp/tmp9mden408.cnf 2.261 273 130 17753 1454 503003 120 0
wpmsz-2.5 /tmp/tmpkzxl1o20.cnf 2.261 298 145 25862 1454 503004 215 1
wpmsz-2.5 /tmp/tmp5jn235c4.cnf 2.261 297 143 39725 1454 503005 601 0
wpmsz-2.5 /tmp/tmpri6qa0oh.cnf 2.261 269 145 39322 1454 503003 429 1
wpmsz-2.5 /tmp/tmprrxtlrd2.cnf 2.261 272 131 39524 1454 503004 648 1
wpmsz-2.5 /tmp/tmpuj93jsh6.cnf 2.261 275 123 4092 1454 503002 625 0
wpmsz-2.5 /tmp/tmpimajl_e0.cnf 2.261 469 225 39120 1454 503002 580 2
wpmsz-2.5 /tmp/tmplt1oiefk.cnf 2.261 262 116 17955 1454 503003 194 0
wpmsz-2.5 /tmp/tmpcay6t01n.cnf 2.261 294 134 26064 1454 503004 220 3
wpmsz-2.5 /tmp/tmp6365iuuc.cnf 2.261 291 131 39927 1454 503005 580 1
wpmsz-2.5 /tmp/tmpqi44fyi1.cnf 2.261 646 330 39322 1454 503003 598 1
wpmsz-2.5 /tmp/tmp7ghi8k4x.cnf 2.261 476 236 39524 1454 503004 639 2
wpmsz-2.5 /tmp/tmpqu6kk8bb.cnf 2.261 1042 521 39726 1454 503005 636 4
wpmsz-2.5 /tmp/tmpc9b0lsl9.cnf 2.261 247 117 4092 1454 503002 629 0
wpmsz-2.5 /tmp/tmpvalps_t1.cnf 2.261 21848 11270 39120 1454 503002 650 1
wpmsz-2.5 /tmp/tmp4mke5n0g.cnf 2.261 235 110 17955 1454 503003 194 0
wpmsz-2.5 /tmp/tmphn6pi95j.cnf 2.261 272 133 26064 1454 503004 214 1
wpmsz-2.5 /tmp/tmpp79l09tj.cnf 2.261 265 127 39927 1454 503005 610 0
wpmsz-2.5 /tmp/tmpfaxqotuh.cnf 2.261 1147 582 39322 1454 503003 651 1
wpmsz-2.5 /tmp/tmpko0b4tec.cnf 2.261 1365 695 39524 1454 503004 651 1
wpmsz-2.5 /tmp/tmp3ks8ewxg.cnf 2.261 291 141 39726 1454 503005 656 1
wpmsz-2.5 /tmp/tmpidvz42fi.cnf 2.261 271 131 3039 1454 503002 299 2
wpmsz-2.5 /tmp/tmp4nneoiey.cnf 2.261 2287 1196 39120 1454 503002 653 1
wpmsz-2.5 /tmp/tmphgbq2nhb.cnf 2.261 270 132 16902 1454 503003 120 2
wpmsz-2.5 /tmp/tmpia7jvw_n.cnf 2.261 35 18 201025462 1454 503004 190 2
wpmsz-2.5 /tmp/tmp11ikg37q.cnf 2.261 261 109 3241 1454 503002 305 2
wpmsz-2.5 /tmp/tmpby40qod3.cnf 2.261 5070 2610 39120 1454 503002 578 1
wpmsz-2.5 /tmp/tmp9w14wrep.cnf 2.261 263 110 17104 1454 503003 574 3
wpmsz-2.5 /tmp/tmpdape8l9l.cnf 2.261 71 36 201025462 1454 503004 285 4
wpmsz-2.5 /tmp/tmpbvxtkjil.cnf 2.261 262 134 3039 1454 503002 299 2
wpmsz-2.5 /tmp/tmp4zak5ub5.cnf 2.261 1434 734 39120 1454 503002 653 1
wpmsz-2.5 /tmp/tmpgy7g3m_i.cnf 2.261 261 134 16902 1454 503003 120 2
wpmsz-2.5 /tmp/tmprgkqgekr.cnf 2.261 35 18 201025462 1454 503004 190 2
wpmsz-2.5 /tmp/tmpqkyxkpix.cnf 2.261 245 107 3241 1454 503002 299 2
wpmsz-2.5 /tmp/tmpumekzpes.cnf 2.261 1138 582 39120 1454 503002 578 1
wpmsz-2.5 /tmp/tmpuypzlc50.cnf 2.261 251 110 17104 1454 503003 645 3
wpmsz-2.5 /tmp/tmp_i7sil7_.cnf 2.261 71 36 201025462 1454 503004 285 4
wpmsz-2.5 /tmp/tmp00ea1v7f.cnf 2.261 297 149 2837 1454 503002 301 2
wpmsz-2.5 /tmp/tmpz_1j5_7u.cnf 2.261 835 434 39120 1454 503002 644 1
wpmsz-2.5 /tmp/tmpq1ng_x9w.cnf 2.261 294 147 16700 1454 503003 642 3
wpmsz-2.5 /tmp/tmpu6prcb6d.cnf 2.261 39 20 201025462 1454 503004 285 4
wpmsz-2.5 /tmp/tmp__yasqg6.cnf 2.261 282 123 3039 1454 503002 457 2
wpmsz-2.5 /tmp/tmpxt1ztsbx.cnf 2.261 1025 535 39120 1454 503002 578 1
wpmsz-2.5 /tmp/tmpib6c6_q3.cnf 2.261 281 124 16902 1454 503003 577 3
wpmsz-2.5 /tmp/tmpfnc6qrt7.cnf 2.261 71 36 201025462 1454 503004 285 4
wpmsz-2.5 /tmp/tmp13iayadi.cnf 2.261 287 138 3039 1454 503002 301 2
wpmsz-2.5 /tmp/tmp94_enxoc.cnf 2.261 5245 2683 39120 1454 503002 644 1
wpmsz-2.5 /tmp/tmpoyd6aefg.cnf 2.261 286 137 16902 1454 503003 645 3
wpmsz-2.5 /tmp/tmpssthve56.cnf 2.261 35 18 201025462 1454 503004 190 2
wpmsz-2.5 /tmp/tmpn2cy1syh.cnf 2.261 260 128 4092 1454 503002 627 0
wpmsz-2.5 /tmp/tmpshe64wat.cnf 2.261 78302 40680 39120 1454 503002 648 29
wpmsz-2.5 /tmp/tmpyi49b4gb.cnf 2.261 248 122 17955 1454 503003 120 0
wpmsz-2.5 /tmp/tmpg8hfteco.cnf 2.261 272 135 26064 1454 503004 214 1
wpmsz-2.5 /tmp/tmpb80ulie6.cnf 2.261 267 133 39927 1454 503005 610 0
wpmsz-2.5 /tmp/tmpte3m3g1a.cnf 2.261 31376 16401 39322 1454 503003 578 1
wpmsz-2.5 /tmp/tmp67lp1pj1.cnf 2.261 3666 1851 39524 1454 503004 647 1
wpmsz-2.5 /tmp/tmpaze9zet2.cnf 2.261 305 140 39726 1454 503005 653 1
wpmsz-2.5 /tmp/tmp3904hi1g.cnf 2.261 261 116 4294 1454 503002 624 0
wpmsz-2.5 /tmp/tmp9njgbxvn.cnf 2.261 77852 40451 39120 1454 503002 578 1
wpmsz-2.5 /tmp/tmps31xlv61.cnf 2.261 248 110 18157 1454 503003 121 0
wpmsz-2.5 /tmp/tmp39sqxnr_.cnf 2.261 283 128 26266 1454 503004 220 1
wpmsz-2.5 /tmp/tmpcxmmiirp.cnf 2.261 287 128 40129 1454 503005 208 0
wpmsz-2.5 /tmp/tmp2ydtr9r6.cnf 2.261 235164 120296 39322 1454 503003 640 1
wpmsz-2.5 /tmp/tmpzj7wlup5.cnf 2.261 39470 20712 39524 1454 503004 639 10
wpmsz-2.5 /tmp/tmpxw080bjc.cnf 2.261 3542 1810 39726 1454 503005 647 2
wpmsz-2.5 /tmp/tmpuzxnyjcf.cnf 2.261 280 131 39928 1454 503006 656 2
wpmsz-2.5 /tmp/tmp09vgrkk4.cnf 2.261 252 133 4092 1454 503002 628 0
wpmsz-2.5 /tmp/tmpag1ai41j.cnf 2.261 4269 2154 39120 1454 503002 576 5
wpmsz-2.5 /tmp/tmpe7erxqwt.cnf 2.261 238 126 17955 1454 503003 120 0
wpmsz-2.5 /tmp/tmpfhsf07n0.cnf 2.261 260 138 26064 1454 503004 212 3
wpmsz-2.5 /tmp/tmpvgqgp0kt.cnf 2.261 262 138 39927 1454 503005 601 1
wpmsz-2.5 /tmp/tmpgczdzg6c.cnf 2.261 404 195 39322 1454 503003 197 2
wpmsz-2.5 /tmp/tmp651ofqx0.cnf 2.261 351 172 39524 1454 503004 201 2
wpmsz-2.5 /tmp/tmpm5ukvl35.cnf 2.261 255 141 39726 1454 503005 657 1
wpmsz-2.5 /tmp/tmpgt_2ad9u.cnf 2.261 247 113 4294 1454 503002 619 0
wpmsz-2.5 /tmp/tmpxkfu8mvf.cnf 2.261 3946 2140 39120 1454 503002 580 1
wpmsz-2.5 /tmp/tmpojrm9u5r.cnf 2.261 230 106 18157 1454 503003 193 0
wpmsz-2.5 /tmp/tmpinps5ld1.cnf 2.261 265 120 26266 1454 503004 218 1
wpmsz-2.5 /tmp/tmpbko5yeq4.cnf 2.261 270 122 40129 1454 503005 198 0
wpmsz-2.5 /tmp/tmpnbm95y3o.cnf 2.261 1138 573 39322 1454 503003 642 1
wpmsz-2.5 /tmp/tmpnyk2o88y.cnf 2.261 1946 977 39524 1454 503004 645 1
wpmsz-2.5 /tmp/tmpg2f773wl.cnf 2.261 302 135 39726 1454 503005 644 2
wpmsz-2.5 /tmp/tmpbjadwn78.cnf 2.261 277 125 39928 1454 503006 665 2
wpmsz-2.5 /tmp/tmphnnbaz3j.cnf 2.261 280 133 3890 1454 503002 638 0
wpmsz-2.5 /tmp/tmpklia9_c3.cnf 2.261 555 265 39120 1454 503002 645 16
wpmsz-2.5 /tmp/tmp6yh9nv6v.cnf 2.261 268 127 17753 1454 503003 120 1
wpmsz-2.5 /tmp/tmpcax_3j_1.cnf 2.261 289 139 25862 1454 503004 217 1
wpmsz-2.5 /tmp/tmp2c2csde_.cnf 2.261 286 136 39725 1454 503005 601 0
wpmsz-2.5 /tmp/tmpbbwjwnk7.cnf 2.261 269 146 39322 1454 503003 201 1
wpmsz-2.5 /tmp/tmpbv1n9ath.cnf 2.261 274 132 39524 1454 503004 649 1
wpmsz-2.5 /tmp/tmp8pto806f.cnf 2.261 275 123 4092 1454 503002 631 0
wpmsz-2.5 /tmp/tmp8cf9t_3h.cnf 2.261 474 228 39120 1454 503002 580 2
wpmsz-2.5 /tmp/tmprsb2kguv.cnf 2.261 257 115 17955 1454 503003 194 0
wpmsz-2.5 /tmp/tmph4vhobgl.cnf 2.261 294 135 26064 1454 503004 220 3
wpmsz-2.5 /tmp/tmpsx3e2z9c.cnf 2.261 298 135 39927 1454 503005 647 1
wpmsz-2.5 /tmp/tmpy2m42l_w.cnf 2.261 650 331 39322 1454 503003 643 1
wpmsz-2.5 /tmp/tmp8irjw_3x.cnf 2.261 477 236 39524 1454 503004 639 2
wpmsz-2.5 /tmp/tmpu3vwdou8.cnf 2.261 317 129 39726 1454 503005 640 3
wpmsz-2.5 /tmp/tmphcx6lx8k.cnf 2.261 245 117 4092 1454 503002 646 0
wpmsz-2.5 /tmp/tmpmyz10pt5.cnf 2.261 7542 3890 39120 1454 503002 198 1
wpmsz-2.5 /tmp/tmp9te2pczl.cnf 2.261 233 111 17955 1454 503003 120 1
wpmsz-2.5 /tmp/tmpnoa8r62a.cnf 2.261 256 123 26064 1454 503004 215 1
wpmsz-2.5 /tmp/tmpab6ds_ty.cnf 2.261 251 119 39927 1454 503005 610 0
wpmsz-2.5 /tmp/tmpkqchkzbo.cnf 2.261 985 490 39322 1454 503003 198 2
wpmsz-2.5 /tmp/tmpp95601je.cnf 2.261 5016 2586 39524 1454 503004 649 2
wpmsz-2.5 /tmp/tmpb5csvtqx.cnf 2.261 295 144 39726 1454 503005 659 1
wpmsz-2.5 /tmp/tmp7ia4qpeu.cnf 2.261 260 128 4092 1454 503002 627 0
wpmsz-2.5 /tmp/tmp_v2z7w9l.cnf 2.261 78302 40680 39120 1454 503002 648 29
wpmsz-2.5 /tmp/tmp0w02_tdf.cnf 2.261 248 122 17955 1454 503003 120 0
wpmsz-2.5 /tmp/tmp3244qjm1.cnf 2.261 272 135 26064 1454 503004 214 1
wpmsz-2.5 /tmp/tmpw5ysaj99.cnf 2.261 267 133 39927 1454 503005 610 0
wpmsz-2.5 /tmp/tmpalsj0y8k.cnf 2.261 31376 16401 39322 1454 503003 578 1
wpmsz-2.5 /tmp/tmp64l2rnig.cnf 2.261 3666 1851 39524 1454 503004 647 1
wpmsz-2.5 /tmp/tmpcmmnkt5o.cnf 2.261 305 140 39726 1454 503005 653 1
wpmsz-2.5 /tmp/tmprny0dnm5.cnf 2.261 261 116 4294 1454 503002 624 0
wpmsz-2.5 /tmp/tmprmw6ml4b.cnf 2.261 77852 40451 39120 1454 503002 578 1
wpmsz-2.5 /tmp/tmpbiymi0tb.cnf 2.261 248 110 18157 1454 503003 121 0
wpmsz-2.5 /tmp/tmp4rl97e9d.cnf 2.261 283 128 26266 1454 503004 220 1
wpmsz-2.5 /tmp/tmp85da9vm4.cnf 2.261 287 128 40129 1454 503005 208 0
wpmsz-2.5 /tmp/tmp8z4mj_3o.cnf 2.261 235164 120296 39322 1454 503003 640 1
wpmsz-2.5 /tmp/tmp0maoy2ev.cnf 2.261 39470 20712 39524 1454 503004 639 10
wpmsz-2.5 /tmp/tmp7pbq_nlx.cnf 2.261 3542 1810 39726 1454 503005 647 2
wpmsz-2.5 /tmp/tmph7djxkbj.cnf 2.261 280 131 39928 1454 503006 656 2
wpmsz-2.5 /tmp/tmpvj3bs4u8.cnf 2.261 252 133 4092 1454 503002 628 0
wpmsz-2.5 /tmp/tmpbrkzg5wg.cnf 2.261 4269 2154 39120 1454 503002 576 5
wpmsz-2.5 /tmp/tmp3qu8aiyk.cnf 2.261 238 126 17955 1454 503003 120 0
wpmsz-2.5 /tmp/tmp6g3ttv7k.cnf 2.261 260 138 26064 1454 503004 212 3
wpmsz-2.5 /tmp/tmp3441rlc7.cnf 2.261 262 138 39927 1454 503005 601 1
wpmsz-2.5 /tmp/tmpdnffip0q.cnf 2.261 404 195 39322 1454 503003 197 2
wpmsz-2.5 /tmp/tmp49e8go_l.cnf 2.261 351 172 39524 1454 503004 201 2
wpmsz-2.5 /tmp/tmptxsg9rk0.cnf 2.261 255 141 39726 1454 503005 657 1
wpmsz-2.5 /tmp/tmpfi786s5t.cnf 2.261 247 113 4294 1454 503002 619 0
wpmsz-2.5 /tmp/tmp2_umq72h.cnf 2.261 3946 2140 39120 1454 503002 580 1
wpmsz-2.5 /tmp/tmpvb6ts4jx.cnf 2.261 230 106 18157 1454 503003 193 0
wpmsz-2.5 /tmp/tmp_wyumqqb.cnf 2.261 265 120 26266 1454 503004 218 1
wpmsz-2.5 /tmp/tmp_lrn6d10.cnf 2.261 270 122 40129 1454 503005 198 0
wpmsz-2.5 /tmp/tmp4ovbowa0.cnf 2.261 1138 573 39322 1454 503003 642 1
wpmsz-2.5 /tmp/tmputpmmj85.cnf 2.261 1946 977 39524 1454 503004 645 1
wpmsz-2.5 /tmp/tmp36xd9gi9.cnf 2.261 302 135 39726 1454 503005 644 2
wpmsz-2.5 /tmp/tmp321nwqnn.cnf 2.261 277 125 39928 1454 503006 665 2
wpmsz-2.5 /tmp/tmpgj25afnw.cnf 2.261 280 133 3890 1454 503002 638 0
wpmsz-2.5 /tmp/tmp4b4vze2d.cnf 2.261 555 265 39120 1454 503002 645 16
wpmsz-2.5 /tmp/tmpgth2ym8d.cnf 2.261 268 127 17753 1454 503003 120 1
wpmsz-2.5 /tmp/tmpvyg26e5c.cnf 2.261 289 139 25862 1454 503004 217 1
wpmsz-2.5 /tmp/tmpdx0oqleo.cnf 2.261 286 136 39725 1454 503005 601 0
wpmsz-2.5 /tmp/tmplbssjc33.cnf 2.261 269 146 39322 1454 503003 201 1
wpmsz-2.5 /tmp/tmp2k2vtd0_.cnf 2.261 274 132 39524 1454 503004 649 1
wpmsz-2.5 /tmp/tmpm_2llqsp.cnf 2.261 275 123 4092 1454 503002 631 0
wpmsz-2.5 /tmp/tmp3boewc8l.cnf 2.261 474 228 39120 1454 503002 580 2
wpmsz-2.5 /tmp/tmpo5e794ss.cnf 2.261 257 115 17955 1454 503003 194 0
wpmsz-2.5 /tmp/tmpm6w_hna3.cnf 2.261 294 135 26064 1454 503004 220 3
wpmsz-2.5 /tmp/tmp70yi81c4.cnf 2.261 298 135 39927 1454 503005 647 1
wpmsz-2.5 /tmp/tmpyk66i4q_.cnf 2.261 650 331 39322 1454 503003 643 1
wpmsz-2.5 /tmp/tmpv0v2cg54.cnf 2.261 477 236 39524 1454 503004 639 2
wpmsz-2.5 /tmp/tmphe4wl38o.cnf 2.261 317 129 39726 1454 503005 640 3
wpmsz-2.5 /tmp/tmpfv3p9hey.cnf 2.261 245 117 4092 1454 503002 646 0
wpmsz-2.5 /tmp/tmphu8yazh3.cnf 2.261 7542 3890 39120 1454 503002 198 1
wpmsz-2.5 /tmp/tmpimh1vir3.cnf 2.261 233 111 17955 1454 503003 120 1
wpmsz-2.5 /tmp/tmpjq1d5k_n.cnf 2.261 256 123 26064 1454 503004 215 1
wpmsz-2.5 /tmp/tmptvgmougv.cnf 2.261 251 119 39927 1454 503005 610 0
wpmsz-2.5 /tmp/tmpodx_4a60.cnf 2.261 985 490 39322 1454 503003 198 2
wpmsz-2.5 /tmp/tmpk803kkox.cnf 2.261 5016 2586 39524 1454 503004 649 2
wpmsz-2.5 /tmp/tmpto7h9131.cnf 2.261 295 144 39726 1454 503005 659 1
wpmsz-2.5 /tmp/tmp6147201w.cnf 2.261 263 129 4092 1454 503002 628 0
wpmsz-2.5 /tmp/tmpqoffuhub.cnf 2.261 78292 40676 39120 1454 503002 648 1
wpmsz-2.5 /tmp/tmppqzlp45z.cnf 2.261 251 123 17955 1454 503003 120 0
wpmsz-2.5 /tmp/tmpomnr134v.cnf 2.261 296 142 26064 1454 503004 220 1
wpmsz-2.5 /tmp/tmpvpbi19_x.cnf 2.261 292 140 39927 1454 503005 610 0
wpmsz-2.5 /tmp/tmp1kf_m_s7.cnf 2.261 31376 16401 39322 1454 503003 578 1
wpmsz-2.5 /tmp/tmp9jh531xo.cnf 2.261 3625 1830 39524 1454 503004 647 1
wpmsz-2.5 /tmp/tmpnt2306pp.cnf 2.261 304 139 39726 1454 503005 654 1
wpmsz-2.5 /tmp/tmp3aqdh2ca.cnf 2.261 255 134 4092 1454 503002 629 0
wpmsz-2.5 /tmp/tmp7a2xjvgq.cnf 2.261 983 493 39120 1454 503002 655 1
wpmsz-2.5 /tmp/tmp7null4j7.cnf 2.261 245 129 17955 1454 503003 120 0
wpmsz-2.5 /tmp/tmpplbxtg54.cnf 2.261 280 141 26064 1454 503004 639 1
wpmsz-2.5 /tmp/tmpr_9b2w_p.cnf 2.261 271 137 39927 1454 503005 610 0
wpmsz-2.5 /tmp/tmpm19pguwc.cnf 2.261 341 163 39322 1454 503003 650 1
wpmsz-2.5 /tmp/tmpg0h_7mwc.cnf 2.261 287 140 39524 1454 503004 429 1
wpmsz-2.5 /tmp/tmp26ptfd03.cnf 2.261 252 139 39726 1454 503005 657 1
wpmsz-2.5 /tmp/tmp0ihshepu.cnf 2.261 283 135 3890 1454 503002 626 0
wpmsz-2.5 /tmp/tmpbgunf9bx.cnf 2.261 553 265 39120 1454 503002 646 2
wpmsz-2.5 /tmp/tmp4bd05wx4.cnf 2.261 273 130 17753 1454 503003 120 0
wpmsz-2.5 /tmp/tmp8vn1eimm.cnf 2.261 298 145 25862 1454 503004 215 1
wpmsz-2.5 /tmp/tmpoocq5nho.cnf 2.261 297 143 39725 1454 503005 601 0
wpmsz-2.5 /tmp/tmpi3oh9wff.cnf 2.261 269 145 39322 1454 503003 429 1
wpmsz-2.5 /tmp/tmp95qkewxl.cnf 2.261 272 131 39524 1454 503004 648 1
wpmsz-2.5 /tmp/tmpq9ifax4n.cnf 2.261 247 117 4092 1454 503002 629 0
wpmsz-2.5 /tmp/tmp58x6a1rs.cnf 2.261 21848 11270 39120 1454 503002 650 1
wpmsz-2.5 /tmp/tmp5w01oaeu.cnf 2.261 235 110 17955 1454 503003 194 0
wpmsz-2.5 /tmp/tmpuszd3cm8.cnf 2.261 272 133 26064 1454 503004 214 1
wpmsz-2.5 /tmp/tmpscirk_bx.cnf 2.261 265 127 39927 1454 503005 610 0
wpmsz-2.5 /tmp/tmp1mlks6q_.cnf 2.261 1147 582 39322 1454 503003 651 1
wpmsz-2.5 /tmp/tmpwxm4_v18.cnf 2.261 1365 695 39524 1454 503004 651 1
wpmsz-2.5 /tmp/tmpdfalk5sh.cnf 2.261 291 141 39726 1454 503005 656 1
wpmsz-2.5 /tmp/tmp5vl7ogtm.cnf 2.261 4196 2188 3039 1454 503002 121 2
wpmsz-2.5 /tmp/tmp2kod5was.cnf 2.261 723 355 39120 1454 503002 653 1
wpmsz-2.5 /tmp/tmp_gvmxqcj.cnf 2.261 4190 2185 16902 1454 503003 121 2
wpmsz-2.5 /tmp/tmpba81f_2d.cnf 2.261 25 13 201025462 1454 503004 121 2
wpmsz-2.5 /tmp/tmppc1jhmxc.cnf 2.261 1200 623 3241 1454 503002 121 2
wpmsz-2.5 /tmp/tmplb8n38ac.cnf 2.261 39679 20366 39120 1454 503002 653 2
wpmsz-2.5 /tmp/tmpfr680aut.cnf 2.261 1198 622 17104 1454 503003 121 2
wpmsz-2.5 /tmp/tmp926bfc67.cnf 2.261 35 18 201025462 1454 503004 121 1
wpmsz-2.5 /tmp/tmp_fmrmwsm.cnf 2.261 4406 2318 3241 1454 503002 121 2
wpmsz-2.5 /tmp/tmpff17ayrz.cnf 2.261 472 222 39120 1454 503002 577 2
wpmsz-2.5 /tmp/tmpzyil82a1.cnf 2.261 4404 2317 17104 1454 503003 121 2
wpmsz-2.5 /tmp/tmpybkwko2_.cnf 2.261 35 18 201025462 1454 503004 121 1
wpmsz-2.5 /tmp/tmpkhi9jcis.cnf 2.261 1646 874 3241 1454 503002 121 2
wpmsz-2.5 /tmp/tmprr3u30ex.cnf 2.261 669 319 39120 1454 503002 653 2
wpmsz-2.5 /tmp/tmpw7y67q5r.cnf 2.261 1637 868 17104 1454 503003 121 2
wpmsz-2.5 /tmp/tmp52bvwh4k.cnf 2.261 35 18 201025462 1454 503004 121 1
wpmsz-2.5 /tmp/tmp93krurex.cnf 2.261 245 97 3241 1454 503002 121 2
wpmsz-2.5 /tmp/tmpi0gbpn1c.cnf 2.261 2482 1269 39120 1454 503002 644 1
wpmsz-2.5 /tmp/tmp0xjyir_z.cnf 2.261 239 94 17104 1454 503003 121 2
wpmsz-2.5 /tmp/tmp9lhufu0p.cnf 2.261 35 18 201025462 1454 503004 121 1
wpmsz-2.5 /tmp/tmpeq7no90s.cnf 2.261 280 111 3241 1454 503002 121 2
wpmsz-2.5 /tmp/tmpopqugdop.cnf 2.261 21935 11228 39120 1454 503002 653 1
wpmsz-2.5 /tmp/tmpy1s7z79x.cnf 2.261 274 108 17104 1454 503003 121 2
wpmsz-2.5 /tmp/tmpklfpifhx.cnf 2.261 37 19 201025462 1454 503004 121 2
wpmsz-2.5 /tmp/tmpvj29u2py.cnf 2.261 449 237 4092 1454 503002 120 1
wpmsz-2.5 /tmp/tmpq5pmrj6b.cnf 2.261 608 296 39120 1454 503002 651 1
wpmsz-2.5 /tmp/tmpzq9631jn.cnf 2.261 429 223 17955 1454 503003 120 1
wpmsz-2.5 /tmp/tmp5q_6smsb.cnf 2.261 478 251 26064 1454 503004 120 4
wpmsz-2.5 /tmp/tmps_q5ogk9.cnf 2.261 475 248 39927 1454 503005 120 4
wpmsz-2.5 /tmp/tmp6g55g1j8.cnf 2.261 266 128 39322 1454 503003 581 1
wpmsz-2.5 /tmp/tmp1_9xoxp3.cnf 2.261 23119 11632 39524 1454 503004 657 4
wpmsz-2.5 /tmp/tmp6w8f73kg.cnf 2.261 326 117 39726 1454 503005 226 3
wpmsz-2.5 /tmp/tmpn26d3w02.cnf 2.261 259 117 4294 1454 503002 120 1
wpmsz-2.5 /tmp/tmpe8zoxn7a.cnf 2.261 816 411 39120 1454 503002 651 1
wpmsz-2.5 /tmp/tmpk6qm1lid.cnf 2.261 243 105 18157 1454 503003 120 1
wpmsz-2.5 /tmp/tmp48aip396.cnf 2.261 285 126 26266 1454 503004 120 4
wpmsz-2.5 /tmp/tmpy6ue034a.cnf 2.261 286 125 40129 1454 503005 120 4
wpmsz-2.5 /tmp/tmpl7mybzdm.cnf 2.261 618 302 39322 1454 503003 663 13
wpmsz-2.5 /tmp/tmp5g69qgmd.cnf 2.261 316 138 39524 1454 503004 654 3
wpmsz-2.5 /tmp/tmpantzipfv.cnf 2.261 9591 4858 39726 1454 503005 654 4
wpmsz-2.5 /tmp/tmp6wuu40tn.cnf 2.261 300 112 39928 1454 503006 222 2
wpmsz-2.5 /tmp/tmpfzpn342k.cnf 2.261 323 149 4294 1454 503002 120 1
wpmsz-2.5 /tmp/tmpmw36cagg.cnf 2.261 348 165 39120 1454 503002 655 1
wpmsz-2.5 /tmp/tmp_mh1eg3p.cnf 2.261 307 137 18157 1454 503003 120 1
wpmsz-2.5 /tmp/tmpm3z1dmla.cnf 2.261 350 155 26266 1454 503004 120 4
wpmsz-2.5 /tmp/tmpazz8bjbq.cnf 2.261 349 153 40129 1454 503005 120 4
wpmsz-2.5 /tmp/tmplp_jxq6g.cnf 2.261 404 187 39322 1454 503003 650 6
wpmsz-2.5 /tmp/tmp8rnjs4vw.cnf 2.261 340 158 39524 1454 503004 656 1
wpmsz-2.5 /tmp/tmpzu1w2dmm.cnf 2.261 328533 167411 39726 1454 503005 653 10
wpmsz-2.5 /tmp/tmpm5lkpbg2.cnf 2.261 809 381 39928 1454 503006 221 3
wpmsz-2.5 /tmp/tmp1ge1wmoq.cnf 2.261 497 263 4294 1454 503002 120 1
wpmsz-2.5 /tmp/tmpw1dwmsxt.cnf 2.261 684 334 39120 1454 503002 665 1
wpmsz-2.5 /tmp/tmpljrnlblp.cnf 2.261 475 248 18157 1454 503003 120 1
wpmsz-2.5 /tmp/tmp7awl9x78.cnf 2.261 519 270 26266 1454 503004 120 4
wpmsz-2.5 /tmp/tmp2fvh5xjs.cnf 2.261 518 268 40129 1454 503005 120 4
wpmsz-2.5 /tmp/tmpvsx5q4gu.cnf 2.261 480 229 39322 1454 503003 651 10
wpmsz-2.5 /tmp/tmpbax3_ohe.cnf 2.261 323 152 39524 1454 503004 657 1
wpmsz-2.5 /tmp/tmp5w5uoaqj.cnf 2.261 276 130 39726 1454 503005 183 1
wpmsz-2.5 /tmp/tmp9ilei5p7.cnf 2.261 272 126 39928 1454 503006 182 1
wpmsz-2.5 /tmp/tmpunuzunlp.cnf 2.261 239 104 4294 1454 503002 120 1
wpmsz-2.5 /tmp/tmp_yywvmif.cnf 2.261 4169 2108 39120 1454 503002 651 4
wpmsz-2.5 /tmp/tmpwk2gu1wq.cnf 2.261 219 90 18157 1454 503003 120 1
wpmsz-2.5 /tmp/tmp84q0zlyh.cnf 2.261 265 114 26266 1454 503004 120 4
wpmsz-2.5 /tmp/tmpvff8blut.cnf 2.261 264 112 40129 1454 503005 120 4
wpmsz-2.5 /tmp/tmprpzdc2l0.cnf 2.261 263 121 39322 1454 503003 191 1
wpmsz-2.5 /tmp/tmpz5tox7gv.cnf 2.261 3672 1855 39524 1454 503004 648 4
wpmsz-2.5 /tmp/tmp9_g254jb.cnf 2.261 811 410 39726 1454 503005 648 1
wpmsz-2.5 /tmp/tmpisumt7mc.cnf 2.261 1974 992 39928 1454 503006 648 1
wpmsz-2.5 /tmp/tmpg571iq7u.cnf 2.261 273 117 4294 1454 503002 120 1
wpmsz-2.5 /tmp/tmp3v0lyy_s.cnf 2.261 21706 11059 39120 1454 503002 651 1
wpmsz-2.5 /tmp/tmpmiosj5h6.cnf 2.261 251 102 18157 1454 503003 120 1
wpmsz-2.5 /tmp/tmpjbfmxvtp.cnf 2.261 291 125 26266 1454 503004 120 4
wpmsz-2.5 /tmp/tmptz6l8mgk.cnf 2.261 292 124 40129 1454 503005 120 4
wpmsz-2.5 /tmp/tmp_rp1z83b.cnf 2.261 1010 503 39322 1454 503003 649 1
wpmsz-2.5 /tmp/tmpsnhbr4h7.cnf 2.261 2006 982 39524 1454 503004 666 1
wpmsz-2.5 /tmp/tmpv7wm6kls.cnf 2.261 1711 836 39726 1454 503005 214 1
wpmsz-2.5 /tmp/tmp6gc1lo8u.cnf 2.261 1706 832 39928 1454 503006 214 1
wpmsz-2.5 /tmp/tmpxxbl462v.cnf 2.261 449 237 4092 1454 503002 120 1
wpmsz-2.5 /tmp/tmpmz_drcrf.cnf 2.261 608 296 39120 1454 503002 651 1
wpmsz-2.5 /tmp/tmpsvjis1r4.cnf 2.261 429 223 17955 1454 503003 120 1
wpmsz-2.5 /tmp/tmp3kw0fofv.cnf 2.261 478 251 26064 1454 503004 120 4
wpmsz-2.5 /tmp/tmph78q1w89.cnf 2.261 475 248 39927 1454 503005 120 4
wpmsz-2.5 /tmp/tmpe718vg62.cnf 2.261 266 128 39322 1454 503003 581 1
wpmsz-2.5 /tmp/tmp0ejppnlt.cnf 2.261 23119 11632 39524 1454 503004 657 4
wpmsz-2.5 /tmp/tmpx0fntsi6.cnf 2.261 326 117 39726 1454 503005 226 3
wpmsz-2.5 /tmp/tmpjk5mcpr6.cnf 2.261 259 117 4294 1454 503002 120 1
wpmsz-2.5 /tmp/tmp4mhsjrc8.cnf 2.261 816 411 39120 1454 503002 651 1
wpmsz-2.5 /tmp/tmpo19q1n36.cnf 2.261 243 105 18157 1454 503003 120 1
wpmsz-2.5 /tmp/tmprtp7oxed.cnf 2.261 285 126 26266 1454 503004 120 4
wpmsz-2.5 /tmp/tmptfrp78n5.cnf 2.261 286 125 40129 1454 503005 120 4
wpmsz-2.5 /tmp/tmpl8klw3gm.cnf 2.261 618 302 39322 1454 503003 663 13
wpmsz-2.5 /tmp/tmp7nnraxjq.cnf 2.261 316 138 39524 1454 503004 654 3
wpmsz-2.5 /tmp/tmp9r22_rk_.cnf 2.261 9591 4858 39726 1454 503005 654 4
wpmsz-2.5 /tmp/tmplqa6mwz0.cnf 2.261 300 112 39928 1454 503006 222 2
wpmsz-2.5 /tmp/tmplmk57k3a.cnf 2.261 323 149 4294 1454 503002 120 1
wpmsz-2.5 /tmp/tmpkx2c52m1.cnf 2.261 348 165 39120 1454 503002 655 1
wpmsz-2.5 /tmp/tmpc_o7ny6d.cnf 2.261 307 137 18157 1454 503003 120 1
wpmsz-2.5 /tmp/tmpbp2aa15b.cnf 2.261 350 155 26266 1454 503004 120 4
wpmsz-2.5 /tmp/tmpam7hf7qc.cnf 2.261 349 153 40129 1454 503005 120 4
wpmsz-2.5 /tmp/tmpdpj3131a.cnf 2.261 404 187 39322 1454 503003 650 6
wpmsz-2.5 /tmp/tmpzoy_e_jl.cnf 2.261 340 158 39524 1454 503004 656 1
wpmsz-2.5 /tmp/tmpbm4kd3pu.cnf 2.261 497 263 4294 1454 503002 120 1
wpmsz-2.5 /tmp/tmpiog4u4aq.cnf 2.261 684 334 39120 1454 503002 665 1
wpmsz-2.5 /tmp/tmpea0pfm33.cnf 2.261 475 248 18157 1454 503003 120 1
wpmsz-2.5 /tmp/tmpeycuv995.cnf 2.261 519 270 26266 1454 503004 120 4
wpmsz-2.5 /tmp/tmpiep23xri.cnf 2.261 518 268 40129 1454 503005 120 4
wpmsz-2.5 /tmp/tmp9thswqvf.cnf 2.261 480 229 39322 1454 503003 651 10
wpmsz-2.5 /tmp/tmp7tr5vs_5.cnf 2.261 323 152 39524 1454 503004 657 1
wpmsz-2.5 /tmp/tmpst6_zear.cnf 2.261 276 130 39726 1454 503005 183 1
wpmsz-2.5 /tmp/tmp0oehvh77.cnf 2.261 272 126 39928 1454 503006 182 1
